938009 6
930980 6
93098 6
910096 6
910069 6
909940 6
90994 6
909904 6
909830 6
90983 6
909803 6
860832 6
44444 5
3 1
779449 6
779435 6
779354 6
779345 6
778833 6
27 2
27 3
27 4
27 5
27 6
631764 6
6174 4
549945 6
495 3
105 3
104631 6
707811 6
191983 6
27604 5
171936 6
859436 6
188256 6
682029 6
94323 6
9961 6
901096 6
901069 6
900994 6
900983 6
900972 6
900961 6
900950 6
831701 6
831699 6
831600 6
83160 6
8316 6
831592 6
831570 6
99989 5
99964 5
999749 6
383334 6
383329 6
383325 6
878 3
9411 4
940 3
94 3
94 2
800 5
80 5
8 5
400 5
40 5
4 5
0 0
